-363
-115
886
-380
926
682
-496
892
786
-711
-647
-487
-20
480
569
883
-29
-936
979
28
406
-380
206
-374
-625
-113
-494
769
894
6
-370
-913
891
-928
-735
373
754
-674
264
96
-828
618
166
153
-346
-266
-408
625
-645
-430
-790
762
-253
-27
945
123
861
-550
-552
311
456
-365
398
-97
-293
220
-725
-982
547
96
-329
719
-287
838
-129
-75
-429
463
-894
-516
590
-684
803
-663
290
747
17
150
754
22
-983
-234
657
415
669
921
-365
501
939
739
-404
-833
457
-133
-996
-672
792
-868
348
898
-384
-62
-786
-582
-168
61
722
406
768
32
-573
785
798
641
-244
23
561
-52
-477
57
-314
120
224
-857
987
-215
-972
335
-83
376
232
91
871
3
66
-741
-937
-655
665
831
377
649
172
-268
289
929
755
-593
-124
836
464
563
-45
-756
263
-502
29
291
833
503
-777
-379
-850
652
625
217
911
245
562
133
76
-505
-219
805
227
628
733
-461
-966
-391
-626
55
729
-114
299
-452
384
885
839
-227
-56
619
394
95
270
-425
869
-262
821
-13
428
-547
482
766
-743
-734
393
991
-195
-16
-844
179
-962
442
-936
-106
990
5
-222
385
778
723
3
-272
-626
831
304
-758
-875
124
-214
553
134
-733
318
391
-467
-732
-62
-105
-191
-349
-927
-152
-908
-863
299
639
-301
-923
23
-524
357
584
-238
288
-29
-935
87
96
-254
873
-352
437
697
523
-173
788
348
323
-318
-843
974
-244
-438
-934
-550
861
262
-293
495
-715
183
-592
426
502
696
-604
124
-218
492
870
-789
697
306
909
-224
691
696
-876
13
935
-719
-14
-753
-600
-391
-745
-740
872
-38
756
714
702
-837
139
204
417
92
-673
756
-417
755
968
837
-383
876
-388
-693
128
-264
-123
62
-426
421
-133
-26
587
122
235
15
-917
-453
-272
785
-733
424
-12
684
-485
-127
440
98
-373
-36
-509
244
-161
104
109
524
840
543
-858
972
-37
9
-55
-893
-870
737
122
771
841
851
556
-892
-169
-900
349
347
-27
-655
-999
600
309
-507
-599
705
597
67
228
-7
-391
-72
-36
573
937
467
680
625
-240
-642
395
-399
-792
-493
-734
40
-392
615
944
138
518
945
-705
-617
-563
-304
646
591
763
-127
-416
929
358
105
501
295
-429
-263
-524
332
96
871
490
-139
936
756
458
-900
-73
401
238
-556
-97
533
-615
340
786
-970
-69
105
-540
72
34
819
-824
-909
-330
-695
-171
146
194
482
-427
-317
900
-492
-562
-85
-392
365
-685
847
367
218
-64
752
-885
-278
339
-397
827
799
675
-140
617
408
-48
-714
270
338
432
-537
-624
563
146
833
-930
584
-253
-764
-494
63
640
873
838
-425
181
953
-146
-481
-888
-319
875
344
98
492
-248
-951
335
579
-56
-676
-958
320
887
188
153
514
-671
900
307
-608
-481
-54
822
915
79
2
867
933
78
537
-387
-48
-120
712
-1000
189
318
336
-232
-738
217
-190
139
-340
555
849
-827
441
749
481
833
825
984
654
739
62
-788
163
-5
290
-301
165
800
579
-124
800
-232
752
-308
93
-987
466
903
-291
-875
14
-442
857
-545
864
337
-713
688
-123
499
-16
940
711
-854
-66
-442
-598
-902
-643
538
-468
714
-695
-717
964
398
854
429
-143
-881
555
872
-323
411
884
-460
-696
728
786
181
226
-231
-323
-506
-528
611
52
-569
267
409
969
356
-321
-726
196
-358
229
49
-929
644
168
183
72
403
-850
-488
943
-989
-761
285
192
23
611
870
517
-918
37
-432
-487
861
977
-961
216
-345
871
-589
-145
99
17
-74
-701
743
666
-72
145
816
440
-356
827
680
930
-425
-298
97
-999
-782
180
-404
-214
250
-544
-681
289
230
-469
159
198
386
816
-785
869
672
515
534
-400
-784
-94
-961
-583
-711
719
904
-135
978
1
-577
753
-820
19
-462
-13
33
-586
834
-738
-54
-8
17
889
-636
232
758
-964
-697
-152
-364
-481
755
-768
-63
-957
952
-160
-535
486
841
-554
239
578
22
334
-878
-946
749
956
874
-749
-496
-552
697
-131
680
454
-538
541
860
-345
-941
614
-113
-447
214
-605
-49
237
882
-652
683
-323
927
-296
-990
-952
-684
316
561
747
124
-936
-806
-179
-510
432
832
-491
-28
691
164
-412
304
-949
-301
-925
-997
207
312
442
555
-449
-882
38
255
-871
-357
128
445
-797
-568
-874
826
-374
-53
-685
615
-222
-175
-857
-531
546
-711
330
597
-455
-38
158
752
-727
-401
306
-176
-282
902
637
-596
-456
-236
406
-252
-247
532
-870
-63
-522
-555
-449
-186
-173
-748
283
-627
-459
-831
527
86
132
-316
-606
-38
-159
700
787
559
601
-20
963
703
301
368
-993
-946
-543
-863
-9
-65
-418
99
749
-33
351
-412
340
449
-685
-134
-466
4
108
-72
966
949
-815
309
64
343
846
26
45
147
951
52
201
-593
189
749
-100
329
-153
-795
-705
756
-649
192
204
-334
-943
296
227
-278
-777
192
-330
966
-942
734
-134
904
-684
911
50
825
-480
808
789
266
113
-755
-406
961
-549
-554
273
-198
638
-524
25
253
772
-749
975
553
0
-355
518
58
936
-617
-481
810
852
126
634
-629
-509
422
637
604
225
789
121
676
-766
-607
-966
430
-130
59
-318
-359
-133
-344
751
867
-142
269
-518
-649
209
-442
-840
-383
684
351
-12
-826
-228
-818
779
997
971
-544
229
762
-150
263
191
277
879
430
475
-698
644
226
-831
-499
-949
-792
-591
-183
-234
-431
435
-994
920
-578
-819
-751
-839
517
803
689
973
-411
8
-621
409
756
656
288
186
-312
590
-171
914
316
-113
965
81
297
-219
847
423
-785
854
-100
-805
592
-294
914
108
-492
603
-363
-346
-390
17
-937
923
-771
351
108
-83
-503
494
-170
371
-619
-649
-549
235
-310
-702
-786
-538
709
114
-786
300
820
-872
965
886
288
-399
-461
898
175
-841
377
-38
67
-515
879
565
979
-734
-65
917
-826
386
-292
-136
241
-77
327
-494
594
541
806
414
226
327
-144
-487
486
-48
968
-340
112
345
622
-822
830
58
300
365
-119
792
-161
55
178
547
477
976
-531
-640
-518
-937
458
845
34
-316
-271
447
197
-786
-602
-278
-569
67
-934
611
-197
453
-332
-898
-183
106
895
656
718
-371
203
194
-839
229
554
-800
-151
-431
603
883
253
-669
-114
-994
-455
-158
-272
-467
909
-649
-857
-732
804
-632
-629
-822
474
823
834
192
-992
-407
943
-831
380
497
928
-772
623
530
669
-125
861
-446
-562
963
396
-276
-505
-138
75
-804
130
-121
-436
58
57
596
-120
-553
-656
-555
-402
-714
-828
978
340
-901
-795
-38
629
874
394
46
986
833
-435
381
-444
-383
-758
631
-187
-70
-934
-65
988
-320
-913
-575
128
-569
-130
726
-726
42
703
172
141
465
-867
-674
-104
85
372
-119
-83
937
-739
30
-446
-939
-783
-76
-9
-716
859
-22
-36
503
403
649
934
831
374
766
-128
-367
-63
571
656
-373
897
-449
712
269
432
-815
-238
250
215
-127
-132
-10
798
859
-169
213
-606
352
-284
354
1
-794
184
932
972
-944
-878
-535
184
778
93
80
-672
-196
906
760
-10
-332
-434
762
98
435
-249
-548
-150
139
666
244
-509
939
-845
492
702
339
-20
674
-48
102
-862
-865
-121
231
-227
207
593
-322
-477
-418
-97
90
901
-999
-919
-348
-547
-69
791
676
733
839
171
888
-113
-127
226
868
-454
736
-31
-759
871
849
30
-800
-388
-378
-121
136
-239
782
783
-339
340
864
-130
351
-649
-782
26
-917
-944
755
971
-56
-373
-246
-632
-270
-511
337
-29
917
-258
558
-883
355
737
-4
-953
-503
-666
387
-284
232
250
143
-418
158
-82
165
242
-25
-81
212
476
546
523
401
-725
-989
-263
-196
486
37
-639
603
949
656
-845
996
-848
-954
382
-575
278
-812
569
860
346
-514
25
-856
18
944
357
-950
47
-564
8
322
-552
746
683
934
-661
602
93
-713
257
248
840
-34
294
221
-51
-428
-34
-483
989
869
-440
-430
-987
136
-929
-73
-257
118
363
752
997
368
54
680
301
-50
281
-607
237
-906
198
76
60
-951
854
-992
-822
-624
-918
-834
-756
-800
-263
815
-107
-192
-259
636
483
-896
-56
479
29
555
158
-670
-496
996
-720
741
-911
36
-627
-293
85
-774
-728
263
-841
-645
-14
-596
-888
280
-782
5
645
-483
-803
127
-822
142
-394
207
-304
321
537
201
-126
375
-502
-480
-590
-128
-216
52
-345
57
-686
-185
-31
300
-224
81
-420
-6
-915
782
68
-718
-91
246
-19
72
-547
678
-608
547
-565
-177
-79
-67
344
-112
362
-873
940
-983
184
811
-611
710
-332
165
-210
-195
716
-568
-414
-216
-285
495
-971
253
-434
-518
-513
-484
587
-78
339
-493
413
-761
-47
-226
-633
-551
-652
108
-740
-706
-182
-72
459
165
290
-268
598
876
516
870
-72
102
122
494
142
610
567
-272
-912
-94
-208
58
145
745
833
69
752
738
735
-989
-968
-891
-504
48
274
343
780
-572
218
-148
-703
-855
955
-23
197
96
-857
-237
824
-769
226
-828
290
929
475
-321
-446
226
974
846
-206
-995
955
290
54
-214
-811
-610
-229
407
243
69
110
197
603
-694
850
746
-374
230
534
410
402
-177
338
-124
59
449
659
33
295
-548
38
-194
299
649
592
488
597
921
-548
-161
-454
562
593
-852
425
442
894
608
-772
427
17
187
808
912
-937
-134
361
279
899
-345
732
-506
461
30
700
-390
-925
296
-470
-473
692
76
-912
284
224
70
-718
-326
-323
-490
658
695
698
22
606
318
889
-477
-847
344
178
885
395
-804
-528
95
-194
-453
-610
-107
-369
-918
969
-724
-77
-251
346
206
-20
580
273
-806
274
-473
217
-563
402
-338
-483
556
-995
696
-3
401
892
469
-948
-746
573
-558
147
761
-919
-328
-964
-438
-22
382
325
515
-38
-403
709
793
-318
-75
787
641
144
-696
-247
-293
557
751
-893
5
-224
-841
-184
907
-842
963
667
798
-809
704
-641
169
-358
684
-760
161
838
949
-489
-924
-569
-703
275
575
-842
-973
-719
715
335
946
-724
-889
662
92
-983
378
-389
241
175
-198
-56
91
528
144
-226
768
-696
-832
274
-185
-755
705
-330
520
-164
-172
104
-325
-900
-561
-380
-624
-450
840
469
-876
217
637
-78
949
-561
424
39
524
-433
370
292
-572
538
-878
-199
340
827
471
-584
-781
856
521
-106
513
960
72
890
-934
-89
-85
748
-873
-449
-331
633
-453
-908
-329
-929
-784
-960
-80
-355
578
42
446
-525
-575
-527
-109
-356
-672
-589
539
842
928
-390
288
551
78
760
-145
-238
868
525
-606
-585
174
65
-957
-52
105
-480
593
-761
562
-405
-286
544
-375
163
-813
-47
574
283
-649
59
450
196
-391
-473
-45
465
289
-177
-454
683
-205
277
-253
-605
-776
409
-85
374
206
-967
526
920
577
-850
82
321
-339
-787
-396
12
-171
-947
-792
-5
-862
-280
-984
427
100
-881
-333
895
397
414
-711
178
-620
204
-448
586
237
-923
62
-630
-772
-856
692
-111
915
-705
458
-700
906
223
295
-957
944
312
28
-400
431
695
-505
-616
-335
-659
563
45
103
-886
-813
897
749
250
-733
534
-49
959
980
-578
811
438
-278
273
-783
-984
-126
718
328
902
-682
-684
153
-630
-300
818
-289
-738
-580
814
934
-836
711
683
414
978
216
-636
493
-247
-657
-140
748
65
-868
965
82
6
683
967
-536
558
-718
617
928
-460
-8
-362
-641
-31
-991
-707
133
720
533
-453
254
-695
-532
-697
58
-188
163
-195
877
295
-673
-485
-699
567
-961
-235
124
879
940
51
-582
-69
246
-222
900
255
71
-411
-469
-397
136
785
-92
162
645
524
974
-193
-672
407
-898
-345
480
961
-779
519
-718
-98
397
779
953
816
-291
-244
-850
-835
-990
-222
-245
-901
-62
448
884
403
-391
86
-74
-861
893
-188
104
995
467
-417
512
246
659
352
705
55
130
215
-573
397
971
-423
562
538
355
874
637
850
-121
78
253
488
-837
-822
185
-945
-10
846
608
-986
986
-324
-183
644
-973
-479
-302
158
736
-317
-446
706
260
673
-199
-828
547
-563
-979
983
515
274
27
235
10
-789
291
1000
-944
-545
571
599
131
-613
242
159
-91
498
-684
-356
-820
-573
908
-3
-901
-292
169
203
-298
-252
185
-783
579
-788
9
-855
981
-701
-855
595
-246
716
193
886
661
-565
-399
-431
933
-526
-230
-888
-99
-323
-334
-443
-58
393
761
645
-860
-498
419
276
-286
-573
422
-748
-716
124
847
-405
-604
39
-963
-944
31
-362
-375
-480
112
-47
-811
570
187
-144
-873
687
-752
445
331
946
947
-694
221
-782
-710
-801
-530
-869
-120
874
-273
277
-88
-236
-110
501
-40
73
-980
629
-975
-790
199
212
66
-117
-102
314
-673
786
259
831
649
-964
-952
497
794
-482
628
-327
949
-646
950
-139
-324
-603
919
193
470
939
-179
495
-852
577
-737
-229
-541
-281
-916
-657
-939
-100
-826
711
-506
-778
207
-713
-702
-609
-40
-754
-697
-533
-336
-21
-136
-418
-829
-667
-479
-451
385
-774
-874
205
-2
-858
924
-361
-514
986
540
-340
253
591
-118
-984
878
-263
965
-163
-16
-733
-139
205
-197
725
788
-469
615
866
81
-444
649
207
762
-354
-94
242
-157
392
-216
940
-949
594
530
-509
610
407
228
575
801
769
842
-338
-26
-798
944
-682
-267
559
741
814
672
389
-423
-10
593
484
-768
993
-125
-427
932
-516
-833
18
-25
777
-576
760
-92
-776
86
-693
-557
617
-491
-613
935
242
503
232
-387
174
-380
-253
722
770
788
954
762
-780
-474
250
-296
-307
-733
236
-973
-752
-5
-508
-970
-920
-201
-527
697
-135
-583
188
665
920
-581
-723
-349
-403
-419
-628
924
-631
883
243
-411
966
-508
293
-784
-683
-915
801
-435
-363
-708
-405
-282
-351
69
972
514
43
-283
178
-37
-307
12
171
-153
594
100
-672
963
-18
571
-892
-496
620
401
-280
937
43
-480
-498
680
-630
-346
955
19
280
484
-468
-677
-800
268
-157
-550
-721
-987
-145
873
-330
183
392
652
-247
500
713
930
-543
-567
867
500
-490
926
180
-120
-864
-309
899
417
-826
989
740
932
256
-861
-618
535
-848
237
-35
-178
977
-644
-970
-271
414
300
-785
871
733
-919
-72
801
564
665
-320
258
-645
-864
-326
-470
-876
971
-982
380
-891
-600
-529
819
194
436
-803
-273
793
-773
456
-237
84
229
-367
-183
-133
118
-826
-569
-218
-146
689
138
-453
920
225
-329
890
243
608
556
201
-921
374
952
515
571
-321
-136
355
692
627
-562
-80
818
255
788
-65
429
776
718
841
21
-588
-613
-60
194
-384
-614
994
-777
942
194
-698
315
-297
375
-115
-61
-762
-761
-370
423
-766
108
240
47
-548
-826
-525
-773
449
873
-195
418
818
745
-389
-567
688
-395
-344
629
356
-484
-500
616
891
385
-446
-872
181
-258
551
415
850
-653
-982
859
-921
-949
-915
528
924
-110
-497
741
-809
114
731
879
276
945
64
-811
-540
564
805
-650
-495
917
-965
243
-342
144
-786
-936
491
-767
923
570
-716
565
-345
765
-989
-285
63
-798
829
-207
638
-338
-263
-742
-149
197
379
-788
104
884
-872
140
-317
-214
-717
-103
-593
331
-313
-671
-542
-472
451
113
-707
462
828
356
221
213
706
-585
432
-557
-327
-718
197
-949
-948
-699
492
-820
-2
-826
-476
281
-371
-69
-832
-127
-182
-374
402
-732
739
695
731
123
-393
-492
894
-688
-76
325
-688
597
165
510
206
217
368
-303
-46
-635
-128
478
203
58
967
371
931
-216
998
-111
-391
293
-417
897
-584
-253
-595
867
60
329
191
-71
-518
913
-562
688
129
806
-615
-917
728
-186
118
-70
872
84
-699
359
425
-702
-752
-966
591
-612
931
564
136
893
430
753
-222
-822
-762
261
-910
-323
-52
-223
-961
-110
-583
768
704
535
-746
132
-824
-445
-509
601
-590
-704
192
-999
-316
-320
122
377
-428
-891
-314
351
-713
-75
-832
935
159
116
-289
198
-994
-315
-478
267
778
-223
-601
954
-111
-553
111
300
-257
-697
301
-16
-17
980
-639
112
-912
-396
-981
933
529
-813
868
-313
-139
-865
443
-576
-179
522
691
-402
856
-911
-892
-255
-464
219
-956
-164
522
-98
821
-939
-119
739
-269
-473
900
-250
-541
429
-505
884
673
356
577
-328
780
-603
752
27
-448
607
117
-783
909
210
436
953
604
-485
-589
-19
-867
-150
-281
-136
377
-825
172
393
161
224
277
-166
-421
-147
63
916
-193
-186
-58
-84
979
616
133
887
-617
-875
397
987
-803
808
-33
-669
-343
243
-248
591
418
924
-459
-421
147
818
-30
283
-773
590
-245
-409
962
255
507
497
-573
-804
383
-190
879
-221
-647
-924
-856
320
-593
-642
-881
-284
950
95
-360
-510
231
344
865
758
-816
649
347
-504
-761
-135
308
303
-639
736
56
745
-455
-66
-920
-544
10
782
776
-26
-860
453
691
647
-453
888
694
335
-212
115
92
-471
-237
-562
-417
2
304
891
862
665
626
-83
-34
729
851
-396
-816
-582
-615
517
-51
-475
-31
-804
729
73
641
422
-593
987
-464
499
-485
299
495
98
858
-645
-11
719
577
-829
-365
-457
900
-957
-296
641
-982
89
158
-33
172
684
-279
-100
-686
-639
880
-722
905
-585
778
-580
272
-171
75
129
184
621
-595
-683
793
-403
-583
249
-803
121
-110
-785
-790
605
-260
-61
288
461
396
159
379
275
438
284
691
-228
261
-38
601
-665
648
-659
514
610
-342
-137
-793
76
-889
-596
-804
-442
-823
964
-838
-83
-541
8
-623
856
-834
313
130
604
-404
-180
-625
414
339
533
307
-456
874
-180
-847
-911
683
918
165
351
-678
-82
910
-501
-561
629
-27
-102
-364
-93
-690
-640
-781
441
521
-627
818
897
787
-286
-14
-350
258
-583
470
-32
-494
152
-114
228
-497
-235
703
970
-179
699
598
794
-403
792
-743
-536
-849
-524
905
672
-594
280
125
751
994
669
-600
-192
-915
871
776
-852
-421
-782
376
-361
-17
-365
-392
361
-666
764
154
-512
555
-32
-48
263
445
-143
-509
408
-864
617
158
687
-158
116
-506
-73
-14
-731
75
122
-955
-993
762
28
-358
927
-611
-24
690
100
464
244
-932
974
-937
70
-170
-445
-966
-477
729
193
767
-430
-692
-740
497
-149
-914
-872
530
-869
-865
291
-283
-223
-225
-337
311
-536
763
-669
266
388
-696
329
-986
-309
884
-951
-229
169
-201
-463
739
-336
-203
235
515
-559
-80
44
-428
55
893
289
390
-776
952
-743
-312
272
-412
511
-784
-550
-603
789
141
838
395
913
7
-807
-551
-255
-143
-196
538
929
245
-543
-471
374
70
979
-780
-984
-798
729
831
-552
-443
-582
959
-669
-132
913
-881
567
751
514
479
-243
264
485
59
678
-712
-404
606
90
-389
692
-979
238
671
799
-189
430
527
-359
878
642
-384
394
973
42
-137
649
-392
-387
-281
644
-73
983
128
544
217
-26
-861
-621
621
-693
-930
642
102
298
440
913
-272
-476
-890
-838
-835
-273
113
695
326
977
343
934
-411
-939
134
74
601
-739
-383
-183
-208
-687
196
-587
-822
266
612
280
-879
-391
-250
-594
133
-140
-432
-145
144
239
-451
-531
215
892
960
361
510
-350
-566
110
-88
-392
927
261
-78
-321
231
100
502
-157
937
623
452
-314
-972
-859
104
-846
-447
805
393
102
-726
-836
-7
791
525
-941
-559
960
169
-90
-876
-348
728
46
331
-41
703
-168
802
640
-545
-190
883
-960
-492
-457
752
61
-652
144
-838
-821
308
-288
970
-610
-229
968
907
497
-566
-970
-852
-838
77
479
121
-664
-690
-521
533
-678
-154
416
-637
354
959
672
-586
864
-184
-867
-958
681
-598
-988
-930
-270
537
534
-774
972
565
-626
691
-802
410
-189
-466
277
-153
625
600
693
40
520
46
-445
191
17
-581
564
-293
-982
-198
109
-970
-571
396
125
964
622
-347
528
553
-657
726
-481
-289
817
796
558
441
395
250
-963
-529
853
-850
220
-574
-874
-217
133
-856
585
799
733
-986
194
-143
535
-628
510
62
482
410
-656
-1000
678
-840
796
235
159
-252
-959
196
-224
451
346
996
877
472
-664
-434
174
921
922
-94
492
115
763
-417
44
-171
645
-918
796
546
-918
473
707
435
-293
-578
740
-695
618
-484
313
-479
-932
189
550
-596
312
-277
883
233
629
-69
905
-52
515
-495
777
-284
-413
572
-738
-331
-399
526
661
308
948
-42
170
122
31
-518
200
99
228
-693
61
-461
-413
-500
329
774
431
-210
-279
-498
295
-945
219
882
184
38
-893
786
-437
326
-350
-490
-717
821
189
314
860
-611
-588
-355
-304
30
184
283
530
-930
56
-482
-140
335
20
-845
390
796
594
-870
-167
702
916
396
27
-877
463
-133
501
-348
-820
360
-402
-851
-996
-149
180
-254
691
-734
-627
-253
-216
233
639
805
-55
-415
157
-461
-285
991
798
-369
-57
-619
-689
-594
248
812
-385
-15
171
213
134
-267
-937
871
36
754
-863
409
-943
-522
-359
696
840
587
-720
-3
683
-447
-13
480
-259
930
418
52
893
-335
-137
-493
207
591
720
-660
-677
340
769
359
94
463
-233
-292
941
-34
-596
781
-891
-759
-223
792
-649
321
-172
92
-193
-755
-857
-300
-533
-437
207
231
-846
-516
571
-523
824
-104
394
-526
-642
-840
183
857
126
144
194
-208
-58
528
-417
294
-152
-32
-615
212
-230
-914
912
-206
-351
-324
-976
-197
-283
153
-162
-460
-952
-769
-428
965
949
755
821
75
-545
-429
424
397
-902
-993
-310
-54
-25
-367
715
303
-724
627
-904
-75
860
-879
286
-424
274
-877
-327
-121
-646
245
-157
-698
-444
-780
-66
11
-209
-642
-592
-111
923
-345
392
-546
-155
-336
757
121
-710
411
604
-851
532
-111
-718
-638
-431
-45
241
-77
-800
642
-218
-687
419
274
325
768
189
290
-787
-332
502
163
122
-653
827
-564
25
-884
847
-372
823
-65
517
-896
297
-915
-384
-906
-435
-627
293
-95
-313
-288
736
-989
-964
-76
-142
-751
592
-641
412
-730
-294
238
-737
732
-89
667
917
-710
-842
434
952
12
76
-432
107
642
-59
957
-897
185
-775
839
196
-739
-681
-947
-489
468
971
480
738
-767
-725
559
522
-257
-218
439
34
-59
-571
-458
953
505
110
59
-297
609
-427
-194
-207
-202
-799
547
-383
-480
157
-315
988
127
-836
283
361
997
-159
-561
-260
623
878
774
-437
-694
-685
-484
812
-17
132
-929
-852
262
-122
-59
-940
79
-956
-766
600
202
-81
144
886
-360
-574
-197
-363
267
243
377
-553
120
-293
-433
-16
-421
-360
-648
562
773
-577
267
34
301
766
-349
938
810
-115
94
-432
804
-763
-546
-999
-336
257
-362
488
-944
-986
935
177
-722
-941
-840
-143
-301
-488
977
-529
-508
243
63
351
8
271
288
-625
714
939
-57
74
-825
-46
75
-604
769
713
442
825
284
-67
-442
562
-8
-282
-581
692
-213
953
720
-163
195
-218
-813
761
611
475
693
324
-30
-808
-603
-298
147
473
99
-85
-258
-460
-261
-974
473
298
588
-978
573
564
714
918
516
433
-246
-732
773
-502
586
383
530
278
-737
-501
470
-340
201
-827
690
857
88
990
954
385
-985
-16
-761
160
6
369
-719
-281
-157
354
709
154
622
481
652
207
-580
181
-959
-317
237
69
-99
-562
242
-853
852
888
694
806
-171
709
-211
-375
-574
352
994
-293
628
-606
-940
336
548
240
-626
-243
-997
-649
938
-955
35
175
114
493
170
913
197
21
357
-109
-174
-815
-844
172
-190
-418
-920
-639
-154
708
-245
-536
-399
-698
261
-25
59
264
326
-446
309
918
286
980
-33
-545
450
722
476
-194
-388
860
-8
-675
-412
359
-535
-331
720
311
934
-526
332
-466
-666
-408
66
-50
857
-608
504
-278
867
-211
-741
-609
-199
709
-888
835
-486
-719
251
63
-394
839
-578
71
-936
-859
940
999
-827
-172
-911
-493
421
156
14
-166
105
-482
113
-472
-136
372
-81
666
-363
31
57
152
312
-693
772
476
-855
-807
-897
768
893
-958
323
-935
-129
412
-871
849
-876
-300
-761
229
218
352
758
640
-719
-767
-138
-82
265
919
627
-867
-775
399
166
928
149
270
695
41
312
17
-337
740
987
-651
145
-890
50
-59
-103
825
851
-789
21
-869
-556
883
-394
266
801
791
-43
583
-254
-878
511
895
392
-238
-507
-739
780
-287
558
323
63
-740
433
670
201
887
494
51
-903
-928
-261
-901
955
346
-78
313
136
879
-105
439
559
963
333
-493
-275
826
-232
-939
-904
884
384
159
-857
-627
-615
344
-740
436
-605
915
508
134
-987
463
-964
-64
-668
-271
-629
-216
-833
930
-253
58
995
29
-560
-238
90
-464
-355
-527
695
-655
-154
637
690
-337
73
642
-422
-420
-668
-852
600
-631
-359
489
-345
13
-727
-177
-501
-423
881
-507
606
-680
-187
-305
-143
15
-275
-892
361
128
303
-393
792
-625
-752
927
-488
-420
-926
670
-494
-284
158
162
286
-12
542
785
565
-21
836
170
299
-795
422
713
-223
-854
379
-863
275
-762
-699
-377
-830
-451
-451
-318
-313
-377
909
193
-104
-376
912
-819
612
453
524
-266
-569
359
461
288
121
-117
-443
898
29
493
593
861
731
894
-960
901
-1000
-411
-860
-756
-230
606
437
666
-771
-94
848
399
-642
371
690
-653
-714
150
192
407
-968
749
-139
-381
-201
-547
-521
-914
905
-480
545
905
-334
685
706
436
-153
142
102
-366
605
-494
590
964
434
279
868
720
-572
59
-317
-539
-636
544
-363
163
555
116
250
459
193
-206
-80
417
-965
-375
-148
-561
324
511
73
-71
574
-338
-551
7
941
-684
-717
927
-68
-34
945
296
-933
-419
-541
179
254
266
-363
-996
617
114
421
209
296
830
648
-824
-102
-722
-338
-529
-60
-332
36
-562
-16
319
922
916
843
866
-231
467
-554
228
-355
700
-950
-161
261
667
510
-319
-125
-195
-489
-921
-462
-34
-643
201
-6
-145
869
-971
-150
-590
-94
-229
883
-252
-364
-349
772
-361
436
-584
896
486
255
157
-291
-236
838
141
126
906
221
221
-129
578
979
866
990
405
452
-161
372
-643
610
254
-338
803
463
-567
-559
-545
-594
-663
942
218
494
-793
982
-112
349
-336
-206
-431
443
222
704
421
-356
694
-175
654
-468
-804
-990
700
8
-770
502
-973
-780
944
-518
-373
838
981
845
331
-812
384
-782
537
605
-431
663
47
792
366
-975
993
-384
-593
646
149
-839
214
-595
169
1
907
-247
221
850
235
405
687
216
250
-426
-39
-810
-650
-946
795
-81
717
-601
-733
-361
-576
818
256
-169
463
962
-8
-767
-634
718
234
830
-530
-545
237
706
860
-520
-522
-334
55
-4
-144
405
50
-792
881
-677
-393
-852
-481
31
966
332
862
-15
-150
-589
-224
216
-872
-991
-397
-401
-979
840
862
439
-681
-661
-896
374
-108
-482
-665
942
-274
-784
822
333
922
-660
921
444
673
339
986
-478
750
-239
296
879
-229
899
-523
-208
738
-662
788
614
-766
893
-12
126
968
-120
-376
-307
96
-555
583
-426
-658
503
-983
-986
-602
-997
-906
-852
-679
-53
-974
92
-155
-940
442
-861
956
-214
310
-811
-322
-703
-128
-355
-265
496
-105
388
941
-523
963
840
537
537
855
936
97
506
641
419
-548
667
-933
-146
284
66
-450
239
853
860
-15
-470
715
857
-267
-551
352
185
837
-151
663
356
-312
-244
-107
-901
-752
990
162
889
408
614
555
476
-976
-605
-902
-869
634
951
992
-382
-962
263
-526
-229
269
383
513
-338
789
175
-982
-523
489
-89
-867
737
-543
296
626
866
-91
-263
-102
-509
133
-4
-378
-677
-496
-830
-501
-458
-10
-470
-130
-742
914
-618
-79
702
115
-504
736
-397
-36
870
897
421
165
522
-157
631
817
298
-879
-494
852
-699
-171
-645
-529
328
-546
462
859
324
277
329
263
755
-413
-623
-750
-677
-463
-229
-808
-566
-808
-86
513
-408
-456
329
448
-777
392
299
-476
-779
211
-448
106
665
-987
-479
-455
-152
850
808
-398
995
-815
-147
-683
-278
181
-934
-287
-70
-20
-774
523
81
112
-30
304
-939
826
385
-718
36
938
-55
-743
951
467
-198
-645
-127
-391
-42
-133
-206
368
-259
74
-452
-193
344
479
344
570
-442
-575
-761
528
286
-700
-90
-329
-861
946
-392
-359
-798
-885
-893
4
-972
-462
613
-14
-38
965
-647
704
-405
-99
-933
939
937
412
66
-506
394
-138
579
-764
162
-512
-536
-142
-567
-371
499
-808
-698
164
-247
-670
259
924
316
-780
888
669
924
-961
-874
992
978
621
-40
43
-886
-647
905
694
-854
-377
-819
-389
38
-828
240
-463
922
542
258
-325
872
-484
-845
187
-264
600
-588
-783
639
-904
-792
616
717
-275
-341
831
78
-437
81
-219
-256
-180
392
782
-451
-368
876
-530
-827
133
-298
-955
206
-143
-211
500
-987
202
717
652
298
482
268
14
-794
484
-599
-159
604
483
622
-653
-698
14
-871
-149
203
-996
-122
376
-305
138
-22
458
552
768
-43
566
-31
-770
217
824
269
-959
-163
32
525
238
873
129
-723
52
33
-864
623
162
-13
-175
-276
423
758
-24
-440
-707
-567
-889
-940
-52
234
-414
178
-549
-591
-996
-508
-197
36
575
598
-534
-297
876
518
293
-989
-303
-545
-444
79
-264
536
-607
712
-905
-314
702
764
-697
-351
-2
-554
385
6
-588
389
498
215
-576
-371
-630
-110
-111
803
965
-818
371
-782
-363
484
297
-70
19
248
-359
-329
934
900
993
795
-451
-10
-760
934
996
-347
-121
50
425
303
680
795
751
-432
154
272
-693
-475
491
-56
566
-656
431
-415
149
629
-187
83
529
-195
-566
-923
795
-326
568
347
-116
-554
955
-691
306
191
661
56
316
-185
886
624
-103
376
-876
-538
277
556
47
-574
184
861
66
-288
-778
57
-654
-983
731
914
-79
-385
-641
-125
-519
666
623
-859
-722
-61
-44
-837
-438
410
96
-314
873
931
-759
-524
914
-17
894
-464
695
-884
593
599
691
323
512
-389
495
429
44
976
-349
-334
675
-514
605
-813
-793
724
598
303
-590
470
-210
-792
946
-740
-252
397
-204
-557
513
-612
-959
203
269
110
371
-680
-462
972
-704
-254
-362
528
233
800
715
440
81
312
-701
491
-219
90
256
-716
350
-996
238
704
-996
-250
-909
603
510
-83
-731
-563
238
-192
-591
534
554
-396
61
-657
961
-668
783
41
645
-918
-912
983
-271
-98
-734
636
-94
504
339
-533
811
-12
-931
-123
905
-662
315
142
-297
281
-768
815
442
-150
-843
402
183
498
-557
-173
580
-912
-191
-692
-10
-367
501
453
694
-160
920
505
828
546
-619
732
885
253
-126
-856
-910
-337
959
532
514
674
-66
-304
171
-66
523
-693
-421
889
-828
570
-479
673
22
-785
-488
-501
277
897
-956
215
629
486
-532
-941
631
-885
-278
146
648
-765
-624
-862
-512
547
-371
-990
411
208
900
583
-666
978
256
-86
-808
768
413
469
665
457
-316
-150
-57
-291
-91
-870
-176
188
276
-529
-19
653
-834
469
-244
-205
37
-833
561
-507
750
895
-530
5
-635
-337
-670
778
689
552
-208
-628
-599
735
-362
-133
865
463
612
-303
491
-408
907
215
619
-337
-991
-345
-613
127
-295
-864
-421
175
-301
-56
395
-414
-721
84
-863
71
13
-905
-638
209
-481
-774
-329
-870
-520
719
-720
-613
-67
456
50
-500
-890
-6
627
-185
-313
763
547
386
-293
-58
529
-457
583
223
614
-848
-125
976
361
394
759
589
82
-762
308
-81
-818
798
-626
-211
-703
-959
783
482
-587
-530
244
960
413
508
-542
-501
-950
-960
722
221
751
-403
196
111
548
-489
-300
-371
-693
565
105
-511
362
479
-164
660
520
-382
-302
490
88
942
7
-942
7
465
-443
-386
63
836
836
-187
-568
-412
924
538
100
-820
724
407
745
-171
453
107
-693
-712
-677
385
-536
-422
-126
109
-924
881
167
83
-97
281
698
966
117
533
-665
106
-880
816
-357
-223
997
-633
741
298
196
-249
962
60
39
842
-556
503
-581
-124
-831
-504
-687
336
136
-227
-383
-610
-262
291
923
-370
-604
601
-554
40
935
1000
407
676
-146
-841
-574
-184
219
22
-343
221
-918
-366
-904
-749
130
967
144
823
-260
318
-787
35
-392
693
666
5
-150
669
602
-215
225
8
-983
-922
-276
-1000
-106
943
-421
109
163
-339
743
-184
-531
-571
-660
171
-749
80
-512
-536
672
-346
-843
-106
216
7
-438
-183
349
787
382
366
866
-895
-77
-684
-953
503
-18
-232
-837
-276
584
-810
-290
924
361
-481
-440
406
-17
-768
-941
-303
126
275
262
246
649
-390
-411
30
534
-989
-308
-544
-672
-703
959
310
65
680
592
-795
870
859
687
230
-623
804
-365
-82
593
-748
615
-724
527
-124
522
-267
44
-890
320
-866
-878
-988
-410
-993
-691
-894
-126
-69
786
-978
-307
212
882
937
-559
-742
741
-367
176
333
-558
-652
609
527
-219
-313
-741
825
-202
579
516
-523
591
-894
-959
457
770
-85
945
555
-62
-362
-234
-624
-426
-236
-366
872
-46
368
-238
397
716
928
-77
-504
-385
-261
879
-30
-683
394
4
466
57
45
-521
-174
960
-576
938
-546
-381
-740
-170
-250
24
22
-378
536
-611
-59
-511
662
-132
-31
715
483
708
150
-548
582
-899
13
-396
-285
-943
84
542
-983
65
36
-972
684
297
-141
991
878
438
-831
413
384
110
902
45
979
-130
-684
18
-866
467
28
717
125
-960
-680
840
-902
-39
-62
673
-975
975
701
266
-172
-884
-186
-295
554
-17
-882
-63
-907
577
539
629
-996
856
-354
-862
-121
231
412
-997
272
733
843
370
-750
-662
-401
834
-688
857
-344
140
974
470
402
84
-990
520
579
-897
-346
117
289
-342
-471
492
-204
408
-277
-792
411
552
498
-189
-522
305
149
77
138
18
-67
352
715
-537
-179
116
548
-169
-364
126
-509
-153
800
337
505
-671
-171
858
737
109
623
-295
-340
-323
516
-305
983
-779
772
-323
239
-739
-972
-47
-275
-593
-932
-728
238
-739
-45
287
-335
-246
-377
-831
83
9
-973
-623
-883
207
-361
-666
885
-846
29
424
933
-643
-900
-272
-381
687
238
344
-907
-137
173
-112
-318
685
-826
347
-562
-645
517
79
364
101
13
39
-693
652
-70
749
363
960
172
295
874
-170
580
-951
-484
-183
-50
-834
680
-878
54
-639
364
-214
709
803
141
-218
-562
-496
883
451
543
747
-341
-527
496
-979
990
-776
-127
420
-389
-548
470
-316
269
-581
-150
-495
-901
462
-133
20
-753
-868
-621
388
-86
-183
449
-204
825
-451
-901
-517
-421
152
-496
-875
377
-66
545
545
386
-429
-771
-346
-452
-364
160
-796
-903
584
224
902
716
604
-154
-371
-580
-705
-18
803
-599
-362
-715
-20
791
-653
105
-276
281
-794
-732
-776
-222
-503
-565
326
134
152
87
-212
-265
-690
-310
-993
914
93
-807
892
-55
175
694
346
814
536
-675
161
440
-13
885
-722
194
-848
-498
529
-793
-63
-589
-102
-911
498
686
-619
808
933
-611
279
-417
-418
170
528
315
-137
-126
-315
956
-244
846
-47
744
730
231
-506
439
290
-978
646
784
991
-900
430
488
787
812
-148
276
758
-870
859
897
-143
-56
-232
720
818
453
233
-427
298
-815
-684
-416
-27
-633
-977
-738
947
226
-955
937
327
476
-19
-330
-156
391
503
-842
521
-81
-946
-622
863
-177
655
680
-725
-556
810
131
-371
684
272
602
-950
-148
421
998
636
467
491
-38
-501
-528
189
-100
863
-752
58
-60
167
112
-125
29
492
-913
-735
325
-469
-925
-988
-282
759
-159
877
366
694
298
363
329
-679
-146
848
-623
-117
-407
277
-698
-159
892
242
-992
-440
675
-406
-948
762
-583
-66
850
-508
-54
-876
808
787
-999
-270
37
-144
-907
923
-266
-496
770
111
-56
920
945
246
-239
836
-513
-674
-605
-839
-523
-996
480
-106
-62
330
-57
441
454
-693
-215
12
38
822
868
131
745
-842
192
71
-174
-865
-9
-230
-62
309
-838
425
635
-885
144
-889
-881
-820
-437
-385
510
506
613
-36
814
-603
533
-149
-781
-42
539
521
116
-713
-409
943
980
139
-731
-83
-553
-568
899
639
-453
-401
751
-777
-220
-687
-605
-711
376
-992
-190
189
-595
-657
597
-819
301
135
259
-584
422
408
916
401
-454
-815
875
-449
-826
774
-811
-279
-628
497
-499
152
367
-546
-1
-257
-538
809
489
-576
709
86
-837
-434
-780
422
-460
200
-171
-545
-400
376
-360
-968
927
-186
806
673
92
-823
170
151
-113
-907
605
886
-164
624
251
-675
-953
-40
-32
-790
526
188
190
-935
-613
-982
-479
-455
-49
-282
-423
-566
90
940
-893
739
674
-166
-111
-440
-73
-950
-998
321
674
254
203
279
-787
-830
489
739
-85
-322
362
-140
-746
440
-38
205
-843
96
197
-196
35
-139
-900
-292
695
-454
-174
-822
-403
-172
499
828
-919
-742
106
852
-572
-405
148
-99
-170
-491
761
-359
949
-278
404
663
818
-400
-976
-148
461
-876
117
-288
-330
500
-553
-176
-672
504
-348
967
762
758
819
748
910
-34
-352
-703
475
-592
-62
-20
-313
-659
-801
-496
-502
-777
-87
516
-653
587
785
-425
87
-768
399
-28
736
-950
-62
54
809
-244
-642
718
722
6
-986
-247
-29
-490
290
658
-149
490
719
-93
713
-812
980
618
776
765
-808
-581
554
591
391
-154
199
-672
900
7
-358
816
-719
921
-179
-704
-769
350
-194
521
-436
214
10
841
678
-720
-972
658
898
361
-21
647
780
-468
237
-273
378
-565
56
-166
-1
255
-351
281
175
28
134
406
-623
497
-516
-502
-290
494
-662
946
331
925
603
228
285
-419
-126
-378
-330
669
349
-953
661
962
-562
-783
216
88
498
949
-885
-369
354
-951
-873
838
-896
-606
-111
-1000
-661
-781
925
499
5
-234
637
436
388
-694
-339
-706
911
880
-745
-651
-904
472
437
151
-23
109
339
-670
-285
23
726
-624
417
-829
-624
314
948
858
-631
-491
-376
-994
503
569
-688
-837
863
-777
600
-882
-871
696
147
123
-154
-877
789
742
-990
-940
-236
293
-564
-819
21
-187
52
-31
-773
421
35
-149
427
-463
-580
297
-742
840
77
858
515
206
554
-782
-672
957
899
674
699
467
734
-538
-241
-831
-800
781
-461
252
-694
-233
-770
-102
175
657
436
595
-490
694
-8
587
551
-494
-651
-339
-275
-766
-825
-820
908
431
647
641
450
-594
368
651
744
464
-541
607
-770
-754
-496
-37
904
497
-886
971
190
106
558
-702
170
464
-484
452
699
-309
632
163
679
279
-639
129
242
729
-664
-458
192
-648
-852
-20
-401
-791
943
-941
707
-944
-971
-547
-280
587
-692
890
-392
-175
341
-694
73
-28
469
-248
808
830
438
49
115
774
591
865
-875
739
-599
-276
506
901
-217
212
514
-187
222
-767
957
531
-878
-436
913
20
-573
-15
993
454
294
800
-160
-269
-594
956
-496
997
377
-813
293
778
-89
-202
678
252
567
191
622
-655
-18
135
876
104
257
788
682
684
-670
674
-306
624
30
535
913
436
47
-584
-10
-577
-397
-718
758
72
-363
-8
881
761
740
502
-895
-279
-364
982
383
893
326
64
134
213
-706
828
-606
324
362
-694
-683
966
-721
-136
-612
-117
146
703
512
340
-306
392
100
-566
-550
205
155
86
-257
-906
-464
627
158
670
-161
452
497
233
-667
-584
96
-793
-619
376
71
-230
816
774
-528
327
113
-276
-725
-788
158
-275
-26
870
368
718
965
904
344
-321
573
740
689
70
-470
-979
43
626
786
424
1
-587
751
-184
-814
781
700
299
-496
532
68
662
814
-959
88
182
316
52
85
-784
732
-785
957
-23
-158
-957
-2
885
669
-660
308
-773
-247
59
-400
-504
-604
858
795
-100
389
-581
-882
203
-983
206
-616
334
816
26
107
104
241
63
-920
-918
-337
-365
524
890
-25
-168
-884
285
448
-727
781
401
-870
132
-700
77
108
-582
-721
125
181
-780
-985
-447
-197
123
657
602
743
294
241
-594
929
-235
-705
-540
154
969
745
-842
-759
82
559
930
-787
859
6
321
834
-158
-997
-429
-381
-982
125
-21
-302
-662
-420
-559
633
822
-596
118
-857
-744
136
297
-776
-120
455
-978
520
13
509
290
-572
-929
-832
819
-87
-829
-611
89
747
71
-932
-555
410
-795
-557
-401
584
-596
274
727
-340
-591
23
-559
-153
-966
-980
-634
-396
530
656
-411
158
824
-593
629
552
-646
-283
299
425
-658
301
-609
-895
301
-453
689
705
822
416
922
-770
996
920
77
588
497
0
-809
-417
-344
-219
742
-964
188
370
589
542
644
-113
-476
987
-813
-85
-909
488
463
337
-251
-159
-248
-773
71
-695
-854
706
893
643
-295
641
-774
361
-579
525
-45
167
-106
-457
-735
-463
430
-211
-920
174
262
729
-782
-719
66
-476
122
375
-249
750
237
-103
455
129
-904
718
-673
880
-365
-252
404
590
472
855
-868
738
950
119
-917
-971
850
-98
316
-933
-260
939
-852
419
313
-101
169
-893
796
-820
236
450
455
120
329
-910
869
-710
680
-103
-856
370
-809
651
-955
833
238
896
-266
-447
520
32
-509
669
-550
361
-433
176
468
921
-86
-739
370
-632
381
-745
-985
-194
-455
696
704
-753
-378
895
455
-333
727
-308
-438
-982
245
640
50
293
308
57
-346
432
-767
679
352
-296
940
-722
72
-122
-466
88
684
-364
-660
387
-560
-481
-161
896
186
-878
-856
306
698
390
-55
-696
-318
810
362
-107
241
152
-428
-850
856
-932
-572
-516
-54
-481
129
-370
-287
26
574
-290
545
970
-395
-269
-908
-693
594
347
697
-905
652
936
905
-430
-614
-298
279
-42
-148
-309
26
-162
175
973
357
862
-841
627
-113
733
-663
-568
703
-501
-280
352
-194
-687
-302
-941
-592
907
996
870
-967
-619
-429
312
-104
-19
-998
479
819
-265
8
-268
-847
167
-641
40
-543
-747
29
717
-248
749
68
559
619
323
618
-974
230
170
896
263
108
-976
-868
-997
5
692
483
-620
984
-953
112
-864
-228
28
-266
229
281
763
-55
-967
69
570
149
-313
-108
-234
-729
679
494
724
-58
-399
748
-369
-395
-691
-678
645
-311
864
249
359
1000
-980
944
-267
249
-218
-947
751
-628
122
320
521
366
-788
844
637
891
337
361
-611
939
-335
-423
-900
-25
-543
302
221
-680
-450
-864
-681
-429
-920
-390
377
-138
-780
128
234
342
-553
-689
-736
-784
712
902
665
49
-181
611
-456
484
-812
-799
-985
-355
503
237
-35
-948
-70
-159
-820
-433
451
558
429
228
-758
-781
-874
-754
-913
-609
-537
800
-708
-873
-595
111
738
-51
-849
483
150
-833
-873
-791
-39
92
819
891
491
1000
-542
-59
114
444
-831
356
221
853
602
-135
-757
622
-336
-465
306
69
203
-399
575
-88
-917
-719
79
769
-510
597
-583
-691
487
908
866
502
-594
-21
-497
-868
892
724
985
50
-412
-772
-771
-190
-680
535
436
81
693
11
993
777
292
-372
545
340
-776
519
206
268
427
71
-230
833
607
273
965
55
-447
506
662
-302
734
891
508
-946
-17
-56
-308
-325
512
-316
-992
-640
312
110
700
536
-371
-95
-640
-945
533
130
445
139
960
-34
751
-931
-529
413
-232
763
303
833
374
-715
-667
-935
-482
845
-251
-474
-795
618
637
462
-290
823
-633
70
878
457
758
-121
-404
717
845
-654
787
873
316
-889
635
-381
501
8
-539
835
-370
-21
236
379
63
-2
-447
-744
-540
263
-922
-616
891
513
841
648
-609
994
-79
-765
898
-736
665
213
-625
300
389
434
865
851
268
-505
-614
-497
431
6
502
985
262
519
-196
340
903
-306
-148
300
899
-200
294
-180
-408
-252
-359
-743
961
17
114
350
-993
-22
-243
275
473
-300
335
-539
264
-607
-998
-475
912
-194
423
371
58
832
-329
-487
-368
522
333
224
-731
975
481
787
-452
-406
-307
-445
130
450
387
-841
708
-279
-380
-29
-328
-378
53
-417
-14
-525
512
-957
865
-818
-444
-504
261
447
720
87
-22
-242
-127
83
-91
567
195
-962
-427
-419
756
838
-141
-625
-635
531
-445
419
672
541
451
183
141
315
-78
254
811
740
-743
88
-174
-208
403
699
875
-689
-178
69
908
-47
207
663
-210
-934
595
156
154
707
-869
-618
-196
139
565
502
-546
-957
-687
822
783
-430
-534
-392
-80
869
865
-206
738
-757
421
645
196
-373
-136
544
-750
-985
-744
405
723
945
787
-474
83
-91
586
537
-48
899
-84
-708
-975
382
-543
-55
-192
879
740
-455
-878
160
747
-125
344
-833
976
595
-818
-769
-1
462
-825
-658
546
259
-192
131
-648
761
29
268
610
54
-793
-934
1000
15
503
296
117
625
-545
-580
-944
356
-413
-968
-50
-674
821
506
789
554
406
334
-188
-787
-979
-279
531
50
547
140
661
754
-236
660
-675
-734
-45
442
448
-33
862
61
-677
-995
93
-170
-669
-86
-664
677
-976
742
10
-164
512
31
114
43
638
-340
740
299
971
-497
-485
-705
-674
471
294
774
995
-288
-165
875
-283
485
-295
49
956
-402
-275
980
897
293
-628
408
881
487
-993
76
704
748
-626
675
-750
-111
527
-423
917
-179
908
469
533
-701
343
-750
342
605
-144
297
760
138
277
656
988
206
-379
869
-751
-372
-56
954
-625
-125
628
-817
321
154
-683
238
532
-776
-737
65
-919
163
-128
423
-232
285
-281
-916
-578
553
298
-590
-684
476
836
-435
-897
-221
-482
-964
211
703
-781
-469
-586
-907
326
946
-683
589
-433
956
-248
-4
378
77
-720
655
161
-740
-236
-985
-330
80
491
-495
646
152
-159
721
188
-949
-19
-36
-861
395
57
466
-103
-69
54
465
-113
363
-983
822
-561
-702
33
158
-442
355
173
-215
992
-779
-153
194
373
688
-85
-883
296
896
81
435
-153
695
-100
744
-375
512
-235
69
-126
-217
-552
-129
-362
38
-972
196
-608
-242
981
-616
-464
-616
578
909
-929
-951
-975
-76
502
-337
-642
-652
-643
-184
650
-460
-673
-586
609
201
-246
614
-929
392
-348
657
-856
-399
-585
682
-15
-49
-935
-880
-583
694
727
-558
-383
-214
-337
-24
134
20
792
-660
560
-882
-688
-274
-124
66
-661
-52
-985
-452
-396
-841
150
-424
399
692
85
464
812
502
158
96
501
775
882
-837
-693
-428
-259
656
-87
-700
331
225
-417
-793
848
-77
155
863
471
316
580
-823
450
-22
870
-466
-559
238
593
156
-667
93
-512
772
-186
-205
-656
555
-549
-186
412
782
596
996
546
443
-525
-743
306
503
131
-558
681
-420
420
550
-329
861
-656
-737
-426
-322
-87
62
-994
284
414
-650
-605
422
-279
808
-239
-684
360
-694
317
392
-436
-821
-549
695
-379
689
832
-960
-205
-498
458
140
-235
-969
818
235
-350
824
-481
-936
732
-86
486
-991
-722
-754
-674
195
-890
200
-857
-769
379
-405
926
1000
-717
314
597
79
816
54
-782
-863
-357
593
372
293
-27
891
-86
-739
-638
-600
-729
-360
-797
-846
393
871
-89
536
-899
-711
688
584
846
972
-103
442
-393
-288
-505
-618
-594
138
532
779
989
-496
226
-98
-677
145
302
-849
786
63
863
-265
-67
-227
-730
-408
62
516
-825
-93
487
-370
-652
651
342
-600
-968
306
539
564
84
527
625
867
-572
505
12
288
656
-646
908
518
89
-603
-710
-84
-11
352
-569
-278
816
475
352
721
-318
-750
-879
-286
556
660
835
-804
-257
17
-937
-272
-479
75
573
735
429
37
252
-926
435
543
-453
981
-549
-21
-741
825
-990
168
545
-307
419
666
-36
-469
-118
-644
-272
625
-70
-209
911
451
423
483
-258
-592
-923
995
-518
69
94
29
-394
102
565
-134
-74
133
-967
-529
826
9
-864
-654
541
-424
-298
-732
-800
189
-384
668
-360
-962
-292
382
-554
-215
-67
-515
854
-974
71
-541
129
-364
-118
612
326
-527
-918
-292
482
777
54
22
-648
314
-153
-891
-498
463
778
-301
501
-515
639
504
270
-872
989
-320
713
60
139
-159
253
579
-991
-865
-949
650
-157
533
426
454
-888
335
-676
-41
1
-173
980
-665
83
37
-180
-722
-459
647
-593
-914
884
-881
-297
-420
-483
513
-842
-474
648
-791
-825
-510
299
158
502
411
-951
826
928
51
-791
464
-57
293
-500
321
128
-402
-33
535
-315
-592
211
388
-12
728
-542
146
812
-895
355
544
-847
-790
-298
655
622
-692
480
106
-84
690
-431
860
-461
69
180
667
225
704
-241
910
-889
970
-146
99
698
312
802
66
-25
-287
-391
128
-76
-132
-661
-898
177
376
208
-908
-378
334
509
161
960
-312
-615
184
950
144
-350
618
-330
505
-283
925
-627
-925
-10
348
-211
600
-968
713
-533
-629
815
201
748
-421
-149
-631
913
-641
88
872
-395
30
56
-446
-827
706
729
-600
-233
-555
-675
141
-479
-128
-955
-133
-529
636
-421
-504
564
951
254
311
-471
-896
238
-559
-536
883
-688
-374
-88
368
-263
-358
-369
-535
42
398
-532
-76
-905
-454
797
699
413
825
334
992
-680
-103
942
132
766
-973
236
-440
-532
257
-558
-220
883
354
706
-824
553
894
-358
-849
291
110
76
387
656
-128
-358
-375
-304
976
-384
-426
-128
-886
706
-806
-859
-502
-246
-834
756
-247
-497
195
-894
-792
372
216
-899
-987
368
-50
-320
-557
894
893
-128
-465
-483
125
-490
-310
256
-61
-196
-482
-309
-498
17
445
-775
-671
-802
-272
524
862
-506
-548
-365
-848
-535
-998
102
-298
-998
-448
-406
-569
87
111
556
154
801
-631
651
-839
-113
-659
-780
904
786
-555
790
541
-269
314
-40
225
766
595
-66
789
597
-964
-510
156
-855
-358
587
233
310
142
944
111
511
594
-171
956
935
-393
416
278
52
206
-182
340
-481
778
-436
842
372
499
187
-475
92
235
681
237
877
267
-974
186
967
971
854
34
564
-317
-11
499
290
-595
-667
899
168
151
-204
687
-514
360
85
415
-585
-728
941
64
64
178
859
-60
-998
885
683
969
855
537
-441
-24
777
106
-969
-377
511
-636
-922
-765
72
-126
922
558
792
-437
-470
-794
-608
-530
-172
456
205
-314
-605
207
-873
636
175
983
172
292
-485
-495
-603
-454
128
465
-533
206
700
539
638
178
-346
429
741
184
192
691
654
-981
146
-585
-738
99
623
-610
-266
-646
930
463
646
-556
968
600
-10
95
64
14
858
-680
-448
495
498
206
-520
-204
-611
673
-514
600
692
632
-985
955
-713
195
-656
21
549
-727
-517
195
-726
-550
-649
-179
102
416
835
-483
736
-614
569
-209
150
-951
587
539
279
-928
-304
-30
261
-289
-519
549
906
-618
-431
11
-788
-390
763
-514
-383
-886
307
720
530
141
794
-178
85
-81
613
-766
-475
199
330
804
-172
-975
-226
-911
-707
-188
195
-802
195
321
-233
407
931
-471
451
-452
-357
-243
825
730
456
175
-891
-903
-907
722
-669
-381
-522
661
-578
-137
687
-247
-491
980
123
704
736
-683
25
-498
281
-488
-412
-269
-383
232
46
-559
-482
-499
173
-373
-402
267
907
-514
443
-616
704
422
-196
390
733
314
-73
-145
17
-781
172
599
-722
-991
669
-134
-259
-715
655
344
-716
-827
402
457
-643
557
-720
-737
-958
723
-796
746
145
9
-307
-566
-678
177
289
-104
396
-983
-948
674
-974
721
-904
-676
-995
752
668
-711
482
69
747
839
-818
584
660
-776
307
864
528
-992
-571
-780
-558
-249
-46
288
205
-651
305
257
580
331
-23
233
213
-461
-16
-563
-614
-978
507
690
419
246
273
-365
471
-421
-502
-445
-856
-515
-668
-857
236
286
431
998
192
-265
254
-229
624
788
-997
-607
885
-455
-170
-730
-433
894
960
543
140
232
-823
-390
369
-767
-278
70
-282
54
214
511
-661
-799
509
531
-506
-681
859
-883
665
862
-490
549
964
340
819
-912
-209
335
631
931
-877
366
-903
49
599
-181
677
874
873
-553
384
769
-352
-551
-144
142
-674
-286
-184
991
-868
-117
539
-904
781
-86
-816
-429
806
372
-499
486
-263
-402
-465
893
417
-789
766
-154
-785
-293
-386
-137
-287
27
-995
39
741
-622
29
873
262
-876
969
42
-405
710
613
-600
82
671
444
376
-732
536
-174
242
304
-409
645
519
-145
816
-619
569
-158
944
-393
-418
-678
194
-546
584
318
981
-818
471
247
795
428
886
465
-129
-181
290
-594
645
-912
710
793
733
228
-352
548
167
774
